a<-1+3
b<-a+3
c<-b+3
t<-c+5
