a<-1+3
b<-a+3
c<-b+3
d <- c+3
